function [Data] = Load_Aero_Data()
% Load aerodynamic and engine data into Data struct

% Grids
alpha_vec    = (-3:3:+21);
Mach_vec     = [0.4 0.6 0.8 0.9 0.95 1.05 1.2 1.5 2.0 3.0 6.0 12.0 24.0];
throttle_vec = [0.0 0.25 0.5 0.75 1.0 1.25 1.5 1.75 2.0];

ft2m         = +0.3048;

%%%%%%%%%%%%%%%%%%%%%%%% CL (lift) %%%%%%%%%%%%%%%%%%%%%%%%%%%%
CL0_tab = [ 
 0.04508, 0.05491, 0.04723, 0.06222, 0.06411, 0.07569, 0.06492, 0.04782, 0.03480, 0.01583,-0.00175,-0.00547,-0.00468; % CL_0 
-0.03575,-0.03810,-0.04375,-0.03800,-0.03800,-0.03150,-0.03675,-0.03905,-0.02965,-0.02475,-0.02075,-0.01871,-0.01562;
-0.11693,-0.11690,-0.13532,-0.13317,-0.14505,-0.13861,-0.14068,-0.12433,-0.09539,-0.06776,-0.04593,-0.03483,-0.02893;
-0.22054,-0.21782,-0.23228,-0.22108,-0.25401,-0.23254,-0.25132,-0.21391,-0.16617,-0.11392,-0.07910,-0.05409,-0.04481;
-0.32599,-0.32773,-0.33138,-0.30955,-0.34726,-0.35937,-0.36570,-0.31249,-0.24995,-0.17259,-0.12465,-0.08445,-0.06985;
-0.41960,-0.43704,-0.43095,-0.43224,-0.44946,-0.49158,-0.42414,-0.41519,-0.34693,-0.24957,-0.18941,-0.14139,-0.11688;
-0.56105,-0.58493,-0.53773,-0.53748,-0.52428,-0.52394,-0.53246,-0.48735,-0.42815,-0.32392,-0.26223,-0.21567,-0.17836;
-0.72859,-0.68972,-0.61593,-0.60137,-0.52399,-0.54559,-0.64640,-0.53332,-0.49102,-0.38885,-0.34431,-0.30273,-0.25036;
-0.92320,-0.80347,-0.69635,-0.65836,-0.50020,-0.54335,-0.77975,-0.56663,-0.54949,-0.45683,-0.43640,-0.40437,-0.33438];

CLA_tab = [ 
 0.05483, 0.05972, 0.06170, 0.06832, 0.07085, 0.07335, 0.07145, 0.05858, 0.04392, 0.02805, 0.01379, 0.00956, 0.00794; % CL_alpha
 0.05472, 0.05805, 0.06173, 0.06613, 0.07078, 0.07272, 0.06948, 0.05817, 0.04417, 0.02854, 0.01513, 0.01012, 0.00840;
 0.05460, 0.05638, 0.06177, 0.06395, 0.07072, 0.07208, 0.06752, 0.05775, 0.04442, 0.02904, 0.01647, 0.01068, 0.00886;
 0.05827, 0.05833, 0.06255, 0.06275, 0.07170, 0.06993, 0.06987, 0.05830, 0.04527, 0.02967, 0.01815, 0.01139, 0.00946;
 0.06087, 0.06170, 0.06328, 0.06192, 0.07006, 0.07203, 0.07093, 0.05973, 0.04720, 0.03138, 0.02038, 0.01297, 0.01076;
 0.06092, 0.06287, 0.06370, 0.06452, 0.06976, 0.07470, 0.06717, 0.06097, 0.04957, 0.03409, 0.02342, 0.01630, 0.01350;
 0.06440, 0.06678, 0.06455, 0.06533, 0.06792, 0.06927, 0.06722, 0.05978, 0.05017, 0.03582, 0.02613, 0.01986, 0.01645;
 0.06872, 0.06725, 0.06368, 0.06343, 0.06215, 0.06448, 0.06847, 0.05725, 0.04950, 0.03651, 0.02863, 0.02319, 0.01921;
 0.07303, 0.06772, 0.06282, 0.06153, 0.05638, 0.05970, 0.06972, 0.05472, 0.04882, 0.03720, 0.03112, 0.02652, 0.02197];

CLDE_tab = [ 
 0.00055, 0.00055, 0.00061, 0.00069, 0.00053, 0.00050, 0.00036, 0.00037, 0.00031, 0.00021, 0.00021, 0.00019, 0.00019; %CL_delta_e
 0.00055, 0.00055, 0.00061, 0.00069, 0.00053, 0.00050, 0.00036, 0.00037, 0.00031, 0.00021, 0.00021, 0.00019, 0.00019;
 0.00055, 0.00055, 0.00061, 0.00069, 0.00053, 0.00050, 0.00036, 0.00037, 0.00031, 0.00021, 0.00021, 0.00019, 0.00019;
 0.00055, 0.00055, 0.00061, 0.00069, 0.00053, 0.00050, 0.00036, 0.00037, 0.00031, 0.00021, 0.00021, 0.00019, 0.00019;
 0.00055, 0.00055, 0.00061, 0.00069, 0.00053, 0.00050, 0.00036, 0.00037, 0.00031, 0.00021, 0.00021, 0.00019, 0.00019;
 0.00055, 0.00055, 0.00061, 0.00069, 0.00053, 0.00050, 0.00036, 0.00037, 0.00031, 0.00021, 0.00021, 0.00019, 0.00019;
 0.00055, 0.00055, 0.00061, 0.00069, 0.00053, 0.00050, 0.00036, 0.00037, 0.00031, 0.00021, 0.00021, 0.00019, 0.00019;
 0.00055, 0.00055, 0.00061, 0.00069, 0.00053, 0.00050, 0.00036, 0.00037, 0.00031, 0.00021, 0.00021, 0.00019, 0.00019;
 0.00055, 0.00055, 0.00061, 0.00069, 0.00053, 0.00050, 0.00036, 0.00037, 0.00031, 0.00021, 0.00021, 0.00019, 0.00019];

%%%%%%%%%%%%%%%%%%%%%%%% CD (drag) %%%%%%%%%%%%%%%%%%%%%%%%%%%%
CD0_tab = [ 
 0.02941, 0.03035, 0.03127, 0.03633, 0.04871, 0.06964, 0.07106, 0.07076, 0.06228, 0.04472, 0.02961, 0.02122, 0.01766; % CD_0
 0.03594, 0.03714, 0.04141, 0.04936, 0.06265, 0.08447, 0.08354, 0.08047, 0.07067, 0.05161, 0.03553, 0.02584, 0.02150;
 0.03261, 0.03394, 0.03647, 0.04104, 0.05359, 0.07359, 0.07468, 0.07486, 0.06681, 0.04947, 0.03502, 0.02583, 0.02150;
 0.01436, 0.01489, 0.01049, 0.01345, 0.02174, 0.04174, 0.04369, 0.05006, 0.04731, 0.03597, 0.02594, 0.02021, 0.01685;
-0.02306,-0.02386,-0.04433,-0.03845,-0.04007,-0.02090,-0.01598, 0.00010, 0.00808, 0.00925, 0.00672, 0.00797, 0.00672;
-0.08415,-0.09375,-0.13162,-0.13204,-0.14179,-0.12953,-0.09461,-0.07789,-0.05773,-0.03957,-0.02957,-0.01836,-0.01507;
-0.18718,-0.23091,-0.25573,-0.25708,-0.26424,-0.25284,-0.23458,-0.17409,-0.14190,-0.10402,-0.07789,-0.05742,-0.04744;
-0.31882,-0.40962,-0.38482,-0.39617,-0.40820,-0.42320,-0.38219,-0.31589,-0.26256,-0.19187,-0.14391,-0.11319,-0.09366;
-0.47897,-0.62884,-0.54072,-0.56164,-0.57770,-0.62233,-0.56587,-0.48309,-0.40512,-0.29579,-0.22221,-0.17988,-0.14894];

CDA_tab = [ 
-0.00323,-0.00348,-0.00507,-0.00646,-0.00677,-0.00716,-0.00588,-0.00475,-0.00419,-0.00356,-0.00319,-0.00256,-0.00213; % CD_alpha
-0.00107,-0.00120,-0.00173,-0.00157,-0.00163,-0.00132,-0.00121,-0.00137,-0.00151,-0.00158,-0.00180,-0.00153,-0.00128;
 0.00110, 0.00109, 0.00160, 0.00331, 0.00352, 0.00453, 0.00347, 0.00201, 0.00117, 0.00040,-0.00041,-0.00051,-0.00043;
 0.00415, 0.00425, 0.00595, 0.00764, 0.00858, 0.00939, 0.00838, 0.00607, 0.00448, 0.00281, 0.00139, 0.00068, 0.00056;
 0.00794, 0.00820, 0.01150, 0.01248, 0.01444, 0.01514, 0.01402, 0.01100, 0.00841, 0.00554, 0.00347, 0.00204, 0.00169;
 0.01227, 0.01323, 0.01769, 0.01907, 0.02153, 0.02275, 0.01922, 0.01645, 0.01309, 0.00908, 0.00619, 0.00407, 0.00336;
 0.01816, 0.02137, 0.02453, 0.02588, 0.02791, 0.02910, 0.02683, 0.02150, 0.01766, 0.01269, 0.00896, 0.00640, 0.00529;
 0.02424, 0.02993, 0.02995, 0.03170, 0.03380, 0.03633, 0.03326, 0.02777, 0.02305, 0.01663, 0.01197, 0.00904, 0.00749;
 0.03033, 0.03849, 0.03537, 0.03752, 0.03969, 0.04357, 0.03969, 0.03404, 0.02844, 0.02057, 0.01498, 0.01169, 0.00968];

%%%%%%%%%%%%%%%%%%%%%%%% CY (side force) %%%%%%%%%%%%%%%%%%%%%%%%%%%%
CYB_tab = [ 
-0.01868,-0.01815,-0.01870,-0.02040,-0.01946,-0.01667,-0.01785,-0.01782,-0.01938,-0.00895,-0.00601,-0.00562,-0.00562; % CY_beta
-0.01866,-0.01790,-0.01870,-0.02020,-0.01850,-0.01700,-0.01715,-0.01654,-0.01638,-0.00792,-0.00552,-0.00515,-0.00515;
-0.01844,-0.01790,-0.01865,-0.01995,-0.01800,-0.01675,-0.01645,-0.01584,-0.01563,-0.00757,-0.00527,-0.00477,-0.00477;
-0.01822,-0.01790,-0.01860,-0.01970,-0.01750,-0.01650,-0.01575,-0.01515,-0.01488,-0.00723,-0.00503,-0.00440,-0.00440;
-0.01810,-0.01790,-0.01870,-0.01935,-0.01750,-0.01630,-0.01525,-0.01475,-0.01446,-0.00691,-0.00488,-0.00430,-0.00430;
-0.01799,-0.01790,-0.01880,-0.01900,-0.01750,-0.01610,-0.01475,-0.01435,-0.01405,-0.00659,-0.00473,-0.00420,-0.00420;
-0.01760,-0.01790,-0.01885,-0.01810,-0.01620,-0.01600,-0.01470,-0.01429,-0.01358,-0.00641,-0.00465,-0.00410,-0.00410;
-0.01697,-0.01805,-0.01890,-0.01720,-0.01490,-0.01590,-0.01465,-0.01423,-0.01311,-0.00623,-0.00414,-0.00400,-0.00400;
-0.01697,-0.01820,-0.01825,-0.01560,-0.01317,-0.01532,-0.01469,-0.01333,-0.01231,-0.00592,-0.00403,-0.00338,-0.00338];

